1 0.054242
2 0.054278
3 0.054305
4 0.054334
5 0.054369
6 0.054408
7 0.054488
8 0.054544
9 0.054598
10 0.054661
11 0.054722
12 0.054795
13 0.054921
14 0.055003
15 0.055081
16 0.055173
17 0.055266
18 0.055393
19 0.055524
20 0.055636
21 0.055744
22 0.055952
23 0.056076
24 0.056209
25 0.056343
26 0.056531
27 0.056696
28 0.056783
29 0.056866
30 0.056952
31 0.057049
32 0.057159
33 0.057257
34 0.057357
35 0.057456
36 0.057558
37 0.057678
38 0.057787
39 0.057899
40 0.058012
41 0.05817
42 0.058292
43 0.058411
44 0.058537
45 0.058699
46 0.058834
47 0.058967
48 0.059176
49 0.059321
50 0.059462
51 0.059633
52 0.059782
53 0.059935
54 0.060105
55 0.060259
56 0.060426
57 0.060631
58 0.060797
59 0.060972
60 0.06118
61 0.061352
62 0.061572
63 0.061751
64 0.061952
65 0.062161
66 0.062345
67 0.062608
68 0.062968
69 0.063278
70 0.063564
71 0.063779
72 0.064086
73 0.064502
74 0.064939
75 0.065334
76 0.06579
77 0.066457
78 0.066969
79 0.067451
80 0.067955
81 0.068444
82 0.068972
83 0.069448
84 0.070112
85 0.070615
86 0.070864
87 0.071141
88 0.071388
89 0.071672
90 0.071929
91 0.072395
92 0.072779
93 0.073065
94 0.073327
95 0.073722
96 0.074225
97 0.074579
98 0.07486
99 0.07516
100 0.075437
